            1                          
           11                          
          111                          
         1111                          
    6666000002222             
    666000000222             
    66000000022             
    6000000002             
    000000000             
   5000000003             
  55000000033             
 555000000333             
5555000003333             
    4444                          
    444                          
    44                                       
    4                                                    